1000,0.059820690
2000,0.093225007
3000,0.139737644
4000,0.185947643
5000,0.249426903
6000,0.280377022
7000,0.325663341
8000,0.374918515
9000,0.421537361
10000,0.467402504
11000,0.514998811
12000,0.561500275
13000,0.609252585
14000,0.720740407
15000,0.704344953
16000,0.812529828
17000,0.797218360
18000,0.844638298
19000,0.986290828
20000,0.939563721
21000,0.988167060
22000,1.107407706
23000,1.084640416
24000,1.188282227
25000,1.253890762
26000,1.221712373
27000,1.269058083
28000,1.409372944
29000,1.405071569
30000,1.486264938
31000,1.490768254
32000,1.505903119
33000,1.637502553
34000,1.662951674
35000,1.670830646
36000,1.735681032
37000,1.822224279
38000,1.799942701
39000,1.838041625
40000,1.975976395
41000,1.932328356
42000,2.037783176
43000,2.030262264
44000,2.487314204
45000,2.120248969
46000,2.247461273
47000,2.219566832
48000,2.346829771
49000,2.312453008
